Function 6 (f6_5d)
mode=exploit
acquisition=ei
xi=0.001
beta=3.0
next_point=0.486971-0.421311-0.700489-0.897495-0.304443
kernel=1.3**2 * RBF(length_scale=[0.425, 0.625, 1.09, 0.876, 0.396]) + WhiteKernel(noise_level=1.19e-09)
best_lml=-21.958463763672842
